11025
4896
1163
6133
8070
1959
6379
6985
7724
7609
7215
5984
8920
9555
11163
6081
3901
3664
10716
5379
6097
9096
4741
3709
6617
7437
5180
3959
859
9668
2786
10241
6444
10517
6367
364
8865
7642
9250
2222
3721
9858
11033
10811
10119
11354
10431
1634
10144
2291
12362
2030
1154
3768
3403
1930
155
9954
12016
633
9279
2421
6127
10555
4823
9473
12039
10903
3189
10800
9716
8758
6913
8494
1658
8738
10563
6430
6089
7762
9505
3546
6314
11068
9806
756
9088
2677
7114
4438
209
11410
8125
8617
5443
1301
3732
478
5988
646
11814
12028
10945
11843
5075
3604
7616
5159
2110
7165
3866
6224
3865
4254
3627
5733
8606
7559
750
4068
386
9363
3790
11251
10592
10805
634
10795
3052
358
5007
10086
443
5443
8448
9977
5100
6970
5993
6202
5639
3930
567
12448
572
6484
7546
3872
4991
12209
5194
8673
12228
1921
261
2452
8239
12194
1252
6770
2971
9321
2107
1752
2159
6280
5782
10921
8306
6150
634
1636
1566
7047
10928
8956
8796
3841
10679
4108
3259
9261
5805
3343
7664
8833
10357
11022
5183
5997
1738
5406
5719
11723
3232
8818
1823
11315
10290
6792
703
9124
8065
11340
11576
3559
7108
5181
3492
3805
6155
4399
1516
9644
3511
6209
3516
11263
6588
5825
8422
7260
5739
2310
4412
7727
8417
2342
3816
2111
7133
9981
6050
3888
3405
6634
1197
6964
4267
4106
1726
5177
7530
1379
12341
9839
3891
8574
8213
9522
5303
3060
4727
4465
10869
5943
3386
5756
6929
3849
7641
4766
1366
1382
9172
8674
10848
10127
6240
9376
5013
9051
6997
2483
4100
3246
12229
4360
2468
7073
3837
12342
6629
6793
9307
4073
5254
1586
5518
9962
3249
7940
36
419
8964
9459
3812
6149
4707
3667
11490
6263
2335
11336
4510
8751
8563
2244
366
7624
6214
11525
3288
12355
12
7798
10637
7072
4574
5099
3420
9263
4610
8778
6128
9573
9015
6578
6019
7140
11933
6080
12153
11301
8083
10073
10008
7793
2284
557
8010
3010
1220
10394
3748
4223
4652
181
407
1166
11322
9239
1576
12108
247
2227
1654
6057
5208
7437
12235
1985
8725
5725
8190
134
11872
4487
4272
2438
10290
2844
4789
4018
9588
411
8043
6715
5030
1906
4921
8835
6172
4853
8318
2695
4505
46
11054
5856
8420
3951
2585
7347
821
6026
6785
7995
2204
3615
4851
166
8408
10468
3375
8478
4451
10058
2520
12336
6684
7438
1027
3303
2516
3401
8312
3873
9906
5496
8129
11826
5932
10916
6518
6339
260
9941
3197
3562
6125
49
4512
1416
9555
4756
427
8203
1478
12339
10743
6947
10025
11218
11672
983
2924
11782
4831
9919
10213
2913
10588
9208
7985
5524
6733
9992
3951
9536
8219
7009
6861
11458
6211
6635
2927
12111
6248
10260
2975
109
2395
10067
7252
1182
1801
7214
11743
5536
3415
978
5110
5777
5848
3213
1960
7804
5930
4031
10523
2935
4253
4442
4121
3735
86
11067
5007
5037
10555
3313
5534
7071
6945
10104
518
522
1956
6804
3723
12018
10748
10914
6121
7241
1899
1084
5610
2998
4676
7623
6182
2217
12237
40
8355
10452
5946
3518
1096
3234
2208
6707
7480
103
7943
10539
11332
8243
2695
1438
5848
11626
308
11004
4686
5839
10821
9380
1836
11502
5457
2009
362
2933
9630
3317
7334
6905
1749
2566
7076
10937
5708
490
9811
4042
3435
6018
11798
3860
2252
9866
304
3238
1775
7056
1910
1233
7853
2517
12131
9065
1683
2094
10276
199
6345
4548
2972
4626
3206
4427
6494
130
6862
7411
5918
12318
1194
645
2404
4803
10082
10476
9250
8091
1706
9623
1158
2575
1408
6101
11551
11731
2934
10510
9255
3614
2713
9612
10196
11387
3047
7172
654
10324
3372
174
8876
6864
1138
2091
40
7209
114
7329
11483
3707
5343
2186
10992
9222
3390
398
3219
9604
5375
7262
9695
8852
10655
2304
9605
4081
2949
3517
1757
2910
9822
11425
4719
1533
748
6794
1437
11816
6061
4343
11618
8105
11526
5549
10770
528
11120
975
7998
2649
3954
3549
4950
8609
2979
24
8708
11333
4986
8459
4261
9096
5572
8573
6384
6418
9966
9460
8474
9095
11460
3902
3544
1033
8144
1590
9825
5107
4034
9078
5461
1975
8019
11607
11456
6273
6476
8609
11054
724
10586
2603
6831
10102
82
2522
2534
2953
11664
4353
3061
1660
5000
11402
3688
52
6
3917
466
1389
2699
3601
7300
8407
2998
2287
1078
6464
9617
112
12441
1358
10906
7751
11009
8858
9570
5941
951
5622
11556
6872
5943
12180
6018
3801
9474
9116
7920
11404
6267
2559
8143
9665
10525
6985
7803
10924
7105
10295
1445
8569
5836
11553
4412
1703
3254
9749
394
7330
2982
6565
2967
7344
2332
8326
10158
7620
2390
11696
5312
4462
11044
10712
6344
9882
5714
1241
9725
4024
1055
11146
11336
3155
4178
2988
1037
6889
7768
4315
548
12225
8723
590
8423
12201
12092
800
7333
2199
9326
183
8534
7908
4984
9483
10024
7623
5209
7030
8489
2013
24
8869
6275
4335
7729
12311
3166
11844
7289
3269
12351
10575
11149
5586
8238
10455
2290
6642
10289
4914
6407
7526
7198
873
2612
3429
10671
7195
5464
5913
1681
739
8325
11035
12202
12353
6814
4088
4473
12281
10133
7989
7409
6058
331
10459
9259
11897
1245
12068
5334
11067
9240
3575
8105
4997
1672
5403
1724
4301
1640
8471
6381
1377
1589
11613
2250
114
5883
8384
3642
10702
2170
10508
7280
10918
117
1141
542
4653
6670
11273
5950
5895
580
3114
3999
4751
2930
7206
10682
1411
2365
173
10641
1662
1608
6033
4469
1218
8210
9145
6014
5360
8427
7132
8898
11232
8794
9686
4880
532
4862
9570
10131
2866
2522
486
797
10975
7615
9998
9684
11177
10202
2231
8337
1997
12366
5618
9310
6583
9171
11823
8942
10024
5259
591
9967
5948
6716
5266
8456
5743
2326
10151
9049
5294
2542
7776
11640
1122
5237
5994
6103
10711
11961
7337
7658
6197
11294
6901
11365
3176
377
10796
3860
5539
629
107
10106
1932
3019
7348
4260
2349
1543
3941
8851
51
5682
3044
11955
4590
6478
8189
1347
3178
5720
10730
10563
10422
5432
3771
7154
12314
6400
5280
5367
4029
6291
3510
4666
2435
10169
9709
10603
10389
1735
3755
9169
8020
10985
7607
516
8251
7445
6775
9198
4687
9450
683
12318
2398
2043
12184
8999
11747
195
4445
8448
8763
11073
4822
6260
2172
10878
9520
6921
9269
10085
3457
1444
1965
1562
2544
11936
10325
3256
11402
4870
12124
8582
680
7079
5609
3691
2268
393
10485
710
11356
10194
9789
7807
407
9446
6163
1348
10843
9873
10424
12354
12429
7102
5993
11739
10353
836
11999
248
11174
8491
1292
12075
8823
181
10393
10243
652
10980
8610
9128
8935
8559
11228
5763
4154
6658
1156
5597
5773
8977
4912
1530
6945
12270
8652
6078
1086
6369
5837
1432
893
10238
2036
2865
8903
10214
11483
226
11552
8420
697
12363
1263
1297
3419
3870
8373
231
7586
3696
12179
6403
6974
2197
3580
12261
5131
9053
4029
4316
9157
6782
5143
7178
8236
11197
6524
8364
9359
6439
7674
931
6544
9853
8281
5049
267
5648
8851
4782
10204
856
11283
2142
1753
6990
3264
12338
11785
9141
5084
2431
8697
7237
11762
6414
7220
6585
5561
4722
9846
10
3371
1147
8521
11249
12358
9621
6415
11030
11994
11982
202
11746
6612
8302
7999
3002
5426
1246
7934
6685
9079
219
1356
5244
4734
11807
10590
1868
10329
6182
88
4130
7436
10195
9984
10136
6121
3003
7132
6143
5924
755
9646
5602
2229
9450
625
3461
10915
4219
1160
4315
9287
3162
3430
3153
12291
3277
6515
552
11530
4548
702
5813
11894
8572
4311
8916
10817
10362
9380
2423
6614
1791
761
8324
3072
8254
3015
7783
11182
7129
3452
6110
5023
8272
7342
4274
6765
6832
10345
2844
8987
6580
7112
1376
54
3833
6207
6156
5140
4209
5144
553
7338
11236
10201
7497
2401
7606
81
4038
263
11232
1870
4401
1096
7091
791
3622
1231
37
2152
3986
17
6537
5936
34
7178
11884
8271
11738
2047
9358
2644
6974
1986
2899
11271
6287
10571
12345
1873
11659
6751
6308
2582
10255
4711
2711
281
5462
3043
2586
4926
5103
2057
1158
537
802
5300
10168
319
3017
11834
843
1991
3404
8589
7395
2416
10696
8319
7004
5551
1386
10664
2992
9735
6209
3955
8180
7822
4467
11604
2810
8696
11960
4433
10040
4917
828
2363
10470
987
404
12026
11356
12324
5908
4317
11678
1667
9816
296
2085
9642
8539
9535
3541
6939
11565
3923
6828
9346
9619
2346
8351
3912
9025
4647
2531
11470
11048
2479
1588
8333
10349
6018
5148
1859
11807
3167
3827
1892
4777
6514
10506
4172
9520
5667
157
2426
893
3101
5852
9405
8035
1125
3867
10557
3676
7444
3300
1262
1787
208
3118
7337
11208
6251
11793
2522
4387
1683
7631
8398
97
4936
4569
3105
4339
4180
6892
3358
4490
105
10578
7948
9126
4682
299
9225
2152
7090
10682
4363
12367
2565
106
4570
3397
3169
5463
3270
6374
10135
10538
11710
7969
9954
9309
3100
9055
762
6218
11996
553
12441
9271
1682
2129
7669
10711
6526
5953
2569
370
9797
3500
3268
8530
10031
4831
12499
12208
1170
11216
3623
9484
6854
2066
11368
12478
11672
7873
9699
170
1390
872
11186
3811
12426
5793
10923
2441
8228
4958
11436
9816
3806
9765
742
8210
4702
1424
11778
10768
9055
1054
5049
780
9429
2957
2418
12116
3261
7691
11538
11153
8753
2399
11480
8925
4814
11957
8604
4238
6408
10059
3980
8712
12280
6306
5679
9589
1325
3159
7777
10248
8595
11430
3615
337
8323
10406
6881
9469
3376
11307
11680
537
5919
284
1063
1407
10785
4317
3397
5244
5320
7541
4361
11496
9573
8837
1000
3124
9778
5329
10792
103
12414
1291
2559
9823
11283
11143
603
6908
5076
11634
862
7601
10879
3444
2793
11997
5243
4272
11303
9507
12261
2533
4929
1055
7069
4618
3264
11986
9406
3758
12191
10547
515
11578
623
4629
10224
3740
2623
12142
3715
8988
169
6185
6679
9260
618
6129
6044
1503
10380
5506
6525
1285
341
9882
8861
1505
2754
6666
7879
1116
10002
1319
11943
2814
7086
11801
2821
10663
1773
1504
1649
11660
5793
3274
2364
11243
6875
10309
4001
9634
5942
7903
5877
6686
4023
11730
11237
3241
8268
8720
986
8457
4263
2599
11486
11350
6742
3866
2175
1317
3309
7881
12230
8877
3857
7364
7991
9567
7518
10117
7129
4945
2665
10744
7674
2099
7941
5258
11291
7855
564
12080
2396
5552
518
5691
7398
3195
4287
3514
4502
3010
8135
2685
6326
10560
8173
9499
2829
9158
3740
1671
8223
10650
1591
8541
5793
6018
7425
9388
3409
1485
5074
6820
753
3728
5486
6678
8360
10666
12466
4797
5280
4005
5616
4120
9310
12480
4419
9613
6426
10941
2429
2133
4116
11392
3858
4245
3961
4476
12398
1380
8269
7399
105
3017
10435
1315
1932
2598
5075
1495
1140
4663
9191
11442
8891
4219
5034
9971
11731
5813
1600
10312
2962
4968
11555
2941
2704
1861
12370
1241
2718
3884
10767
11087
9027
10381
3900
2599
6185
7995
10548
1821
4538
4932
9802
10266
5442
5173
2502
12139
11710
6490
5244
6586
12279
10457
4437
7637
3962
7494
11111
71
2727
3834
11276
9755
6395
10603
2416
11009
319
2436
3787
3737
7764
12278
5774
10530
7666
1289
9999
10031
11859
232
2031
8728
11139
4182
11307
11070
5945
8763
11137
11190
9384
10477
11594
705
6155
47
3872
7338
2758
3992
11820
9275
2703
1508
11322
2
4683
6406
12471
2673
9994
1080
712
2496
1804
2549
11115
2214
11795
3845
5065
4056
3798
5096
6853
9786
685
5070
4375
7620
9917
2662
7274
7867
911
5255
6025
9632
5360
11306
6387
12038
8792
8465
1197
8304
9765
9098
11400
3606
1431
1658
8042
11412
11426
7765
5478
10107
7154
1536
11816
12113
2032
4852
5255
7333
6306
5344
1585
9048
9024
1484
9354
490
9958
5527
7763
7832
3900
11048
21
4086
6169
770
6189
8260
7119
8361
8940
5646
12277
8417
2478
3824
11990
6774
10007
3941
3211
6363
1998
4422
7514
2353
7082
12446
4804
7553
1455
5900
2
10145
6208
8605
1515
7730
5944
1262
11162
9494
215
10445
8904
8438
9271
607
11505
5530
999
3184
8020
3823
4622
10036
9051
8099
9072
3817
6187
6243
3456
12066
6907
3041
5644
2133
2210
6372
2309
4260
831
8745
5279
6216
6149
4053
8018
11575
5582
6475
942
11773
6554
10770
10380
8678
5523
8671
12054
5916
11158
2128
7575
4920
6039
648
3538
5863
2795
7138
10897
5133
3221
9238
2354
11775
11044
10906
3888
4998
82
9996
10734
12211
5301
4183
5512
8636
5161
9465
9109
6038
6817
8893
5602
11203
1170
359
178
5501
515
2155
8781
10943
8078
8308
8552
9815
8417
11105
10134
7117
4784
7057
5834
1162
3893
7863
12118
1856
7636
7402
703
5829
10529
4859
10815
6828
3637
3650
10605
10685
10729
10886
4483
10427
1216
12291
4134
9493
8130
8196
219
6556
11831
1993
1254
12260
3060
4441
7311
5807
741
10821
10365
5613
1453
2952
415
3220
9992
1725
6179
4768
500
11948
8888
6398
2575
7907
12445
4101
3730
2625
6225
11939
7184
6647
6497
8536
3605
11055
3768
11696
8839
4799
9945
12407
522
11370
8974
10763
11876
915
12000
6406
2018
7950
6056
12383
5605
7356
9685
7652
4495
3210
2077
10615
4597
10925
10928
7305
8955
4378
12114
11436
10456
6983
8428
8201
2004
8980
5877
3705
11432
1683
4724
2816
3125
12319
9922
11733
592
6614
2932
8749
1371
8615
7201
5629
2722
11829
7811
2096
442
1670
1809
7498
1300
564
8449
7534
12022
10354
10379
9124
1480
5980
8720
2813
10985
11761
7491
4777
1003
11694
6714
2341
1447
3366
10066
1842
12281
2799
5480
2674
1170
3781
3264
9763
12373
9725
1516
2561
3871
2389
12211
2737
8734
6307
7269
7890
12395
4389
7144
3461
4338
3034
1094
1247
7455
11967
6052
10434
2998
6608
7753
9223
4874
7706
7955
10198
2717
11457
2939
1260
10245
4931
907
11114
11983
3977
6107
7640
8596
2177
1946
7892
8155
2020
10836
10635
2688
2017
2309
407
3674
3582
12063
9762
7136
2989
10363
1029
10852
9570
5173
939
1451
5884
5715
11907
2128
2479
1764
3478
5861
10911
1838
822
4662
12360
1068
2855
9370
9819
7511
701
9149
2532
10086
6663
5368
3644
3979
8995
6114
5078
9287
11525
9503
1008
6442
2272
8804
11428
8508
209
254
11330
7046
5262
1744
11241
5101
7275
1921
7509
4159
1034
2060
4473
4289
11418
8298
11551
6540
10983
11000
5268
9863
783
1625
2813
3818
3654
5918
11296
6550
10441
1311
7303
448
10318
7986
4824
4920
6626
11043
9203
7074
11105
920
8254
9466
5031
9218
7523
6473
9753
4889
10025
1709
7485
1467
6264
3638
11431
7424
1447
1358
3124
959
6217
12222
7256
4025
6471
3433
3475
6632
12413
12440
1797
10693
11258
12362
5870
5846
11287
6935
10895
4823
9297
5553
3786
5595
5463
8852
1723
1186
5988
11702
9596
7846
3951
10146
7202
8532
2210
1006
2748
4091
2999
3121
4975
10084
12411
9291
2709
6401
10268
5585
8636
7012
2962
10801
4162
665
8436
1662
11062
10119
1711
2289
644
712
2845
6451
6743
1112
5160
9838
3637
10282
4187
6804
1824
6176
579
6202
5683
8671
6144
7821
3418
404
3066
2584
4884
5649
5984
6538
96
548
2443
5129
2381
711
2478
4263
7240
5960
2548
1597
1241
430
1948
10854
2825
8657
8977
10486
87
2235
8478
2392
3975
6389
11371
241
10145
261
1567
1095
7627
11122
9742
3089
7839
11557
4424
1114
3699
8815
11461
12222
6124
4547
6581
2988
10955
4712
12259
8726
9171
7998
6452
10360
4569
52
1154
8492
1840
2237
6617
6979
4393
1454
6469
2619
3188
11359
3015
3767
4234
7864
6788
3771
3273
8755
8767
11928
12307
8383
1785
5434
502
5341
4423
12129
4671
11881
11019
7788
10404
8432
11774
1462
2198
4482
7829
4671
10578
3963
12300
12096
1698
8492
4493
1308
1211
2681
7088
8314
3784
1726
8684
5956
453
1184
6478
11552
9530
6840
10447
3806
340
7726
5863
8301
8589
5326
1573
11291
926
4097
1350
8345
8582
2189
3736
4509
849
3115
10918
1990
4794
2706
4005
8678
12248
5818
1010
1014
10503
8777
7640
3738
6015
8495
11756
6471
2629
8691
5218
8384
1109
8296
7388
12186
376
339
9873
10763
9948
1969
10704
6416
8421
8458
11511
10134
3721
9685
8553
2771
4317
559
788
4649
8957
10112
2331
88
2933
9764
1880
4657
10396
2535
882
8997
7818
4319
8302
11910
8445
2746
3566
8535
10573
1224
7817
10057
9484
1623
2751
5444
139
2447
4068
550
7509
2739
3230
2764
10508
9786
7831
184
89
6047
8519
5887
7577
2514
2316
11902
1383
9143
6826
1571
9492
4753
6575
7733
2295
4774
3104
1310
7014
8936
4519
7949
10967
332
1489
5079
1090
5538
1402
11159
7415
3383
8446
4526
5204
1931
2480
6970
11806
3349
4061
3496
8121
2497
3557
2757
8663
7996
470
5734
6682
6521
5669
3653
1529
571
7420
7245
1026
9736
10812
8345
7741
8167
6656
6110
8806
2050
2529
365
2294
8634
2004
3666
4875
1023
12328
8470
9275
11231
8916
5593
5069
8168
4477
894
10213
4793
2998
4634
7011
7735
5944
2070
5036
8216
8255
12454
8341
9947
6450
6614
5467
105
3441
10548
4518
2004
11277
506
742
11449
10470
2295
821
5220
3276
12072
3690
5762
8396
4014
11551
10395
5854
7058
2690
12433
11129
9159
5268
12374
130
11827
4781
2302
127
4964
4727
6429
8876
8210
6015
2492
3892
8061
9765
3650
1249
12316
4940
8682
8764
2579
1551
2437
7563
7572
6751
8882
7859
4584
3374
2119
7738
868
11320
11142
10013
11019
5093
10811
7345
9761
9385
187
10498
9059
6503
10292
9793
11539
11184
11313
4219
9085
3610
10050
10277
2345
7239
5054
10713
8345
11069
4293
4836
3897
7254
3024
9241
11123
6137
2730
7223
6629
1337
11503
5694
1365
4438
11003
1070
8958
11589
8820
5899
4560
10400
11153
9758
1270
866
7669
3781
40
99
11500
11191
5093
7850
6602
1806
3479
1052
11169
5402
8455
4091
10090
7748
4607
4357
8912
10406
8735
3985
1755
9255
2250
10893
276
5996
8600
5766
7971
10258
10968
11449
7184
6530
2337
312
601
6015
10336
9197
10090
7907
420
3418
9944
470
310
3405
5151
9413
4453
9762
7545
8554
10843
2245
8941
6700
7574
606
5705
10212
5580
912
6934
9505
9407
3560
5412
4295
3757
2897
71
12037
6394
6348
8835
11332
949
12306
5686
5196
616
11058
5805
1206
3904
11129
8187
92
3871
6400
10940
9730
3493
12378
2328
12008
8983
439
3563
9250
10492
857
5657
1556
9692
8007
2161
4495
5909
10108
5751
7768
7419
510
9596
7022
7606
5728
5602
10777
7872
5321
424
9856
4457
2840
8545
6516
4021
9327
2349
511
8744
8936
7203
12259
5401
4249
4014
8396
8969
3692
6682
6262
649
3173
2312
2983
2782
7805
4403
3256
7337
5285
1378
5172
433
8300
9599
6853
11962
8145
475
9082
7759
5241
11524
10983
5806
9837
1621
3357
1715
9705
1809
4181
11138
6662
9207
1284
528
5562
3734
8715
4925
11593
5673
3459
7558
2032
11827
9600
7150
9660
8934
824
3217
10100
11002
7908
4149
3829
9677
5444
6185
1046
1541
10131
3476
9697
6533
6270
11593
8316
6325
6400
4411
4260
4158
8666
12067
8065
3425
3775
10510
4520
8707
4554
771
985
964
1039
8159
1300
9634
9199
8385
10789
2531
3879
10053
8042
12482
10361
7998
5557
10507
11334
3336
2535
8913
11457
5942
2337
8340
8583
404
5902
7434
1665
4839
9487
9360
2492
8733
5495
10611
10293
11181
9626
10514
6121
1730
280
11112
4026
8083
5563
8276
4954
6513
9873
1219
10736
4572
2007
7597
5822
5459
1052
8795
2484
3356
866
11540
567
11181
9991
1628
2504
7445
214
153
6210
4520
2792
9727
5663
3724
4315
501
7341
10125
2481
7652
7465
8269
11124
10419
6727
10398
4789
4835
10129
831
8031
2766
864
1239
10546
5345
10592
3936
5773
10008
6299
9720
7508
6216
1781
4779
1934
2098
1144
551
1455
4858
876
5714
4075
4798
58
12071
7400
4606
2657
7879
2523
5379
8989
26
8863
4424
5678
11470
2409
3405
4353
4972
1353
10245
761
4908
8639
1948
8464
2691
3691
9579
11876
3174
1891
7650
9664
5749
5287
11020
9035
1168
7352
10920
7197
2130
9727
1755
8416
10010
8920
2174
10642
10549
505
8403
4361
6330
4037
7650
3432
5453
8641
12465
4188
5444
6003
5816
10635
1214
7260
12428
6183
3888
6870
3186
10120
2933
3048
11130
7680
6885
6032
10954
6271
1518
11437
1327
2669
5987
3289
3335
1712
10137
7589
3583
5026
7386
6732
1754
8627
3912
3619
7203
2750
8991
8490
6754
3680
9819
10782
1429
3282
5407
12469
9046
11920
10187
6194
2671
6507
4676
3147
4648
10424
3926
10717
8545
8799
3287
10660
2734
8701
1295
2504
3769
3266
11329
8204
9779
5527
4683
10146
5350
7705
1861
53
8805
10168
11042
4162
7338
1192
4062
7746
3951
765
11471
9278
11324
10774
12444
10454
393
11658
8048
5228
1987
2903
8700
5781
592
1984
8914
9643
1824
7029
10297
9443
8563
3873
1912
10877
10257
11625
3322
1542
4639
6049
11053
3005
4295
2051
9380
11505
5582
6729
9753
6191
12156
9133
10566
5902
1469
5261
3570
5355
4778
6918
5922
9421
2967
2029
716
7451
8862
1568
198
1268
8337
6507
589
8438
4350
5696
1487
11041
5103
9909
4061
7595
9776
4106
9787
11930
5807
8510
9409
4996
8055
10467
9264
10221
127
1632
38
2266
1335
1929
2643
4015
6531
8486
10354
5650
8545
2128
1553
8272
3775
5029
252
7368
2857
10827
12145
11361
4742
1285
1645
353
4659
7701
5713
10369
9742
2867
8312
2718
5658
11720
9706
3175
7266
47
1064
1291
6252
4137
3385
3679
6957
1137
1222
3027
10216
1897
7364
1800
1987
1177
10024
51
284
2291
11856
11330
2773
12485
8408
5678
6316
11334
2615
4555
7822
9576
103
2811
9763
10855
5109
605
10400
10465
5895
3522
6480
2686
154
7845
8002
6513
732
4482
1697
9656
2891
4975
690
2234
11017
6267
8229
10206
9862
8123
11022
9166
7705
640
1794
4554
4536
3632
8567
9419
2150
2318
8895
8334
4850
87
12331
563
10176
12303
10602
10632
2859
10665
6685
7627
2121
7529
12337
11342
4875
194
603
10272
5000
9813
7481
12013
6051
3449
1977
9600
8414
4777
7506
573
8580
4856
9883
10930
6435
7667
31
10059
10020
390
6308
9539
6454
6667
2433
9506
3794
9724
4545
1957
1716
11123
3335
7537
5106
319
7011
6727
10327
1003
2218
10581
3160
6112
11547
9765
10146
1408
4908
9708
163
3044
252
4611
3505
10442
5559
11884
1016
4970
5806
11190
232
5550
11357
9956
1522
2347
5825
6116
657
5804
12232
9017
10671
8226
6380
342
7620
5168
11860
2387
4817
7336
1795
11171
10871
11224
4032
7164
7259
7626
5711
5357
7697
3528
10350
10109
7255
1591
8244
7799
8083
11291
9051
6859
3312
3734
6439
7779
4062
5217
4265
8348
5610
3419
6373
5395
3755
187
11584
2798
10815
11160
11356
5530
93
6876
1321
7144
10376
8770
5587
6029
9424
4061
6804
6025
10785
7435
7860
7138
4785
8752
3102
2043
3362
9863
12246
4278
9655
4955
6355
7068
2506
5447
9483
9422
12434
3522
6766
8936
2414
11795
9902
7792
12129
10735
11424
1549
9115
348
7110
8819
4826
4447
10512
2063
8059
9314
2169
2729
7129
9542
9988
5422
2416
11019
3524
3978
7077
9882
6091
7263
670
11424
4725
5490
11350
7809
2413
5127
10939
10698
7663
9307
10344
10035
2242
10559
7434
7421
1363
3121
1354
4038
1807
5371
1807
4480
5377
1111
7212
7447
6971
11732
6757
12347
8150
5902
12222
5022
3213
250
6901
9542
4290
8931
1880
682
7578
4880
8777
5465
9043
12156
8519
2970
5910
9131
9617
11853
3684
6870
2433
1303
10414
3493
3727
8430
2550
10497
1885
8840
10836
2413
4208
1113
8719
4312
12247
5376
3492
1125
9402
497
4834
1748
10904
7314
3213
3788
6437
11518
8785
369
1339
8842
10317
5599
11627
798
5204
5949
10631
9581
2995
12436
7128
6630
7948
7407
6750
1599
9383
4241
8362
2559
9968
1936
8969
8667
5089
8912
5217
11262
4060
2866
56
10467
1074
7866
3296
3121
5184
11450
172
10042
2993
12321
10001
4897
7119
4274
11866
8306
9537
4839
2136
4544
4507
11280
11374
8381
9129
2960
8208
8792
732
11869
5521
130
12381
9160
5557
83
4112
3629
8914
10433
4070
10819
12065
10147
4435
4072
1549
816
9546
9411
1726
11721
731
8012
5961
2294
8992
7414
6491
2225
3242
3880
9310
3624
6800
9872
5015
10458
11216
11783
4195
5908
8424
4202
474
6187
11715
1227
3947
5058
1411
7393
11746
3821
10144
6299
11898
4370
3200
3264
3590
9197
9637
6689
7191
191
1510
8441
3347
7062
11556
3590
2099
10262
5217
8317
3298
9028
7538
12274
3078
7765
3468
1434
814
8349
4633
5490
5980
502
10474
646
7259
7953
8193
7497
8770
1735
9511
284
4678
3274
10380
9384
6001
10321
5295
1485
11103
1827
3002
2870
9331
3426
186
8325
5729
8203
5876
11342
8057
8519
2461
2846
9088
10911
8831
6645
2069
10219
12046
1563
12017
7254
7596
12304
9885
6583
7933
2993
3054
3149
6886
4153
9999
7604
3814
3833
7768
12368
1768
567
8359
10669
4727
8658
813
7534
297
7589
1490
11149
11915
885
2281
1439
3353
2078
8329
382
10940
11646
271
2883
8288
4909
1633
10808
5346
1484
7097
4999
11377
2200
8451
11479
5704
1348
2528
11437
11491
2351
6286
345
1504
4405
3733
6002
1873
8561
4251
1737
8004
7386
1429
2622
297
5476
2382
12318
7026
2505
2189
11313
493
8990
12271
9716
4933
3301
8235
2006
12050
9391
1390
8590
5360
12425
1380
3883
1176
8131
8935
9285
9732
5361
9495
3991
772
5829
11182
229
11466
2710
4412
8987
162
7473
12351
5013
4633
6517
1069
11071
327
2246
2186
11112
5997
5338
9762
371
4096
10998
11142
11395
6069
5403
1581
7631
11995
8280
8944
11604
4619
8006
3040
9340
4980
4903
8428
10386
75
8867
11750
7159
7062
10363
8959
7487
3175
10883
10494
7934
8567
10811
8632
468
4067
5517
2918
7258
5893
4721
5517
8853
10073
1965
6453
4820
11706
5346
6132
1095
9410
11876
297
7729
11748
3983
4333
8206
8944
6594
4457
1113
10286
1011
3037
6307
11873
2572
5273
11963
1986
1170
4493
7853
3350
2898
9586
5098
3911
4139
8280
10329
4751
9400
11023
9190
10514
904
1220
85
1184
7212
10814
11799
264
4405
11066
9063
11427
147
5446
9134
73
6669
11609
8240
7383
4944
4379
8850
6897
11735
4296
4805
10813
6627
8862
887
2487
6347
8292
10970
1352
5189
10779
7274
2856
5194
7589
11445
4331
524
6170
3765
11193
11645
10257
10581
10291
2784
1808
5571
9024
4869
5687
1949
2916
6009
986
6137
8042
10180
6576
5081
4354
6976
7783
7383
8390
4335
5385
2190
9854
5434
4520
6374
5565
531
6112
11667
8870
10780
3095
12202
4540
2722
1947
8983
12002
8830
4358
9346
4208
1453
3403
6650
6447
1090
11910
4217
3863
2875
2191
5956
9898
12117
8217
3591
350
11813
8884
2386
12397
1819
9766
9761
7085
6873
542
1632
5030
11299
7880
12060
12477
8539
10482
8401
2031
10369
12427
4475
1120
1895
7805
5996
8590
9639
2305
4922
7005
10855
8633
190
12445
1973
9449
2389
4187
6142
12064
12073
549
10279
11687
5063
7494
2631
5978
1360
1635
12315
1560
2480
11885
4409
1266
10502
6513
3771
1172
9946
4569
8119
7127
6674
2666
7691
12114
10505
11589
8093
4215
8389
10804
354
3927
3341
2708
2742
11001
5959
3662
945
3288
7190
9296
6154
804
8037
708
11446
8376
416
4970
2119
7504
4929
3153
5014
2398
12302
3017
7972
2271
6041
8100
5671
4176
11531
482
10424
7795
3772
5269
7712
6285
3625
4832
12436
9877
9012
6888
4077
9798
143
12217
3800
3419
8685
5350
11498
189
10193
345
11198
2943
8189
11174
9746
11589
3625
1979
1772
7556
2783
3652
4604
7647
9757
8334
3880
97
3216
7636
5885
5415
11439
10674
2128
6324
4301
2252
7990
6182
1483
10236
10101
3428
6570
4770
10596
4950
7586
848
6252
7034
5116
9021
7016
8991
7614
8652
6161
352
1471
11401
9472
2558
6959
5784
4003
10015
9047
3423
7289
1373
6488
8090
6073
5047
6051
1177
1077
4988
10238
11429
5011
2368
1384
11351
300
2418
3658
5637
11209
8148
8591
7638
4711
2582
764
7544
8968
787
767
582
8403
4163
6059
4879
546
9526
2949
1969
2941
6438
7576
1174
2614
2542
6390
7105
1174
8108
5485
1585
6357
3411
4713
11640
5282
11350
3379
3492
4284
11006
4708
291
4221
9657
3026
849
8809
9004
10805
3273
11969
1690
2696
4772
573
7417
5025
2170
8691
6159
6370
861
7802
11681
6725
4993
11949
6918
12097
1696
6148
11957
10185
4434
1731
7286
9453
5457
12015
5542
10795
4670
9803
2212
2116
4667
715
12441
11068
10365
6325
1209
7300
10624
4636
3848
4989
5039
2933
10533
1399
1891
9407
9109
9625
13
4004
10762
3042
5787
10464
12068
2655
3149
7863
1701
3557
5590
9566
2058
4279
12008
8350
1733
7870
4939
4657
12060
12297
10382
2298
4414
2525
1483
4144
8904
7762
694
5086
2103
664
2453
9400
5282
12400
6757
11053
4151
2762
2936
291
11898
7972
875
6255
1890
6040
7675
1240
4686
7856
4443
10964
5159
3490
6050
9543
1173
11505
11458
6439
2864
504
7464
1394
1826
2609
3069
1832
1113
6385
506
9299
9362
10092
2899
8942
1650
7728
2254
2865
88
11954
401
6747
8721
3988
4241
1793
6350
9714
9881
5146
3803
8997
9926
11394
509
11981
4429
11781
2972
5843
127
10800
7350
7643
1603
7567
591
9608
7894
5944
9251
8594
6351
3410
104
717
5173
10338
10867
1277
7982
3899
9004
7860
5496
366
166
4005
8433
2168
3299
2973
12392
6745
11827
2100
11897
1078
2386
9174
1202
9241
1820
3937
8394
7708
2646
6517
11290
12291
6808
6590
914
1695
10361
8727
1797
11989
2147
1237
7401
9086
1175
5726
2646
6279
8701
12106
4082
10504
1320
4096
7952
1694
75
11240
2080
5067
11966
10287
10219
6149
5214
8642
7860
9208
2059
10698
8883
3101
304
12408
11430
1149
1773
4616
8067
8594
1292
2116
11507
3040
2435
787
10971
2713
11138
11720
1620
11620
6648
9230
23
4359
3517
1253
3872
5032
10366
5937
4220
10503
3223
982
10201
1412
5165
6803
12420
7959
3174
5986
3775
9851
11280
7180
3714
4427
10171
5147
10570
2839
9078
9762
8952
3573
12385
7071
10131
521
744
3035
10727
7855
10395
1004
12317
1454
3086
9560
10047
4335
11800
6161
8447
662
5455
2672
5579
8837
10039
11944
7361
5220
7866
1382
1425
5960
4529
6628
1527
10594
9171
11899
7215
139
7758
8419
11955
10276
7363
2261
1342
611
7599
6236
3538
2918
1315
8291
10618
9713
1493
1295
2981
1299
8173
5508
12489
9014
12079
6357
9424
8957
8034
11953
7663
12400
11445
8309
5404
9535
3216
7802
1475
7779
10603
6751
10120
1630
10343
11007
4645
8738
8510
4313
9102
7877
8918
5917
4466
2251
8430
2941
10697
1006
5336
4884
5077
8146
11073
3638
3973
5506
2887
1083
6498
6190
12319
7702
3196
1423
7888
10859
11171
1073
1713
686
448
3722
2851
12285
3482
5529
3843
3153
1105
275
9604
469
2443
5719
1674
1974
3057
6706
7034
11638
5851
7428
10314
2913
8057
1217
2721
3044
6863
10071
4270
9625
11793
4650
4436
1356
5295
11287
156
10944
1664
12233
12477
6223
9085
11851
5260
9976
12248
5914
7802
4466
6538
2574
7334
5520
5907
12438
4229
2266
2808
800
8790
3534
8505
12479
1176
10292
1283
319
9178
4270
6551
8590
9975
6117
7451
4092
6327
8706
8456
5244
3296
949
2270
12304
3088
9219
9816
11416
7948
5357
7059
10389
8136
864
3444
8943
10217
9106
10675
7467
8693
11929
9235
3532
10415
10448
5098
1218
10569
1815
6111
8022
6310
10063
10004
7841
1265
8701
9392
4456
477
2367
4870
3822
9711
8661
454
9111
2674
11007
6375
9721
10530
990
9051
3866
4214
11237
1890
5140
4121
8598
848
6134
11745
11536
4080
10572
3360
8102
7679
1517
12214
6220
6991
6327
7060
5413
6321
1754
9994
8487
11043
12062
7940
8890
9992
5320
1013
6139
3628
2527
6811
4253
335
4378
1520
11236
4576
10675
4582
2381
5752
7072
3328
4858
10007
4311
6498
2724
9305
11301
4916
136
7645
8134
10055
1285
10694
2855
1544
11259
9560
9721
4475
5153
7205
7961
5885
2613
4808
8324
837
8146
9671
7613
2735
3971
8734
3082
11383
5682
11322
10788
9333
4827
10110
6676
9107
4701
6822
235
542
1722
9131
5823
5321
8530
2598
10675
10153
2046
10925
3886
10416
982
10464
9270
2964
33
5399
6084
5051
7612
3972
8362
12437
11271
389
12148
7542
530
11354
1185
8290
4573
7782
11615
11514
3849
2292
6705
1374
10559
5429
9338
7256
7437
372
8351
6862
840
3712
9074
11801
739
7684
5430
10249
770
5885
6549
8142
2949
3134
9623
3191
9741
8095
5844
5699
11348
10256
11614
10241
11194
4710
6991
2183
7133
1106
5001
10899
4537
5286
6702
9318
2280
1883
7552
9389
2353
1367
10745
10463
8242
11063
10925
7426
8305
6147
10015
11841
7028
2652
8014
3084
4597
11333
608
8528
693
3247
3117
12163
885
8150
3605
10163
8931
306
911
7858
543
8954
3347
9982
12011
1151
1999
132
6285
12065
6378
987
3591
5659
3872
1885
9771
3618
4721
3447
1276
11524
8697
11605
10749
11081
9579
93
7458
762
10994
8000
5236
2158
11299
10574
11804
10532
3573
3446
9335
476
2243
1127
9369
2131
8573
7726
4278
1721
392
5314
8084
9964
6582
1519
257
4242
11732
930
4072
1906
5173
5523
1072
10877
8250
1434
6859
5797
2580
11738
46
1276
6611
800
9281
7571
2237
8619
2509
1853
8314
5738
370
5681
12415
7772
8075
9781
10317
7563
11300
2643
11873
7429
7802
9220
55
10991
6380
7140
868
10981
11640
1154
5268
6809
3353
5782
4737
5186
2005
3113
10921
2220
6092
11935
5153
7891
10961
479
5858
9578
7979
7516
438
9902
1902
11682
5497
62
7516
3745
2240
7869
986
9833
6597
11716
413
5607
4419
2294
5044
5132
5559
8188
4222
9653
1337
8367
4067
4664
30
5902
1282
3789
3002
4124
716
7866
4907
4171
285
4676
10170
10759
874
3052
1235
8759
5338
5937
7479
5355
8560
3565
4535
2848
1958
4750
5680
4749
10345
9630
8495
2852
3716
8837
6587
9696
6831
2474
11001
5046
700
248
2009
369
7461
7299
7315
1170
8419
5078
3029
10629
9685
7175
9842
10217
11754
154
2167
8465
2186
159
6325
3154
8681
7318
7044
4536
8965
4038
1928
2865
7436
2433
4655
8312
1556
4167
7887
7158
9935
4510
8829
5267
6602
10365
5667
9041
11495
8869
10442
6677
308
2536
2861
542
6422
11354
4187
143
256
2779
4705
4381
3151
164
3194
7252
2520
1531
8662
7588
4767
7508
11030
10176
3829
1059
9052
10816
1652
10503
5541
97
6096
7750
2558
4900
12072
4114
1890
2701
12479
7744
6902
7156
12305
4449
2117
6438
7171
10914
6522
9965
208
2854
1910
5299
4005
5184
9213
5364
2303
5871
10991
2253
9738
4608
10784
7900
10106
10794
7680
10905
12140
5961
7609
9523
607
3875
10370
11879
11441
2614
3645
3237
3981
8076
12389
3242
5840
9759
895
6888
7401
9025
399
6608
9252
4650
9917
7697
6164
6717
8832
8877
3234
8116
10324
6746
7745
4887
4693
131
7314
9833
6423
12188
2226
7754
10771
1663
4719
7542
2060
348
9899
793
3505
3116
5563
1001
272
8456
6457
2674
5716
4724
6282
7268
3
8365
10251
5644
7997
954
5066
765
12074
10067
2602
710
4382
1498
6378
8255
2978
11121
4657
8484
11477
2442
4611
7209
1183
6745
4616
8736
6173
4641
4118
1699
5906
7458
7751
2407
3911
11575
12045
1106
7781
9134
1219
5937
514
4853
9118
11273
2079
10701
12195
7094
68
10297
8290
10061
3754
3043
4461
1253
8838
8830
7092
7433
5950
904
7303
9424
6246
3972
4345
3903
11576
3551
704
2344
1224
11174
6695
8830
10126
5842
6657
7971
4946
9524
1632
8109
11667
10190
11152
868
7115
10792
4768
11451
2042
6285
12486
12110
10049
12194
5027
10607
6357
8292
8017
9016
9594
5946
8837
5080
8847
8131
3626
2996
2173
11621
2488
8926
11771
11694
10256
8556
5319
3478
9287
784
11283
1753
302
7439
11187
7085
11280
10432
816
8550
1615
9153
1507
5116
11014
5721
1354
6072
4520
11484
7167
1773
9278
2921
3797
3561
339
10855
1938
8971
5288
2879
11504
7233
10232
7842
5644
1399
6393
1762
9350
5694
2181
6123
10007
5834
7420
6656
681
4535
7202
11747
11457
10303
6117
9510
4974
9881
3642
7627
6747
426
8494
4344
3262
11235
10148
6773
7383
3172
77
12454
12179
2758
2134
1473
12092
3155
5414
10462
8640
6182
10174
9903
1769
6041
3921
1202
1117
722
2868
8263
10257
11265
7515
8925
9700
10336
2861
11271
8186
647
11772
10008
4458
7248
12067
8700
8170
4645
9918
1819
4468
5679
11486
565
2751
11090
2575
9721
7314
8947
5657
6661
305
4314
2198
914
7743
5708
4272
1756
295
6642
2277
7994
6910
167
5446
7021
6473
7721
5532
8972
3304
1049
3796
4579
12279
6950
6175
11109
7761
5640
3957
11739
7489
5112
9704
144
5050
11153
957
2462
373
8163
1525
10325
3402
3492
6155
2584
5645
8054
3248
12093
3416
9185
3358
11755
519
10119
1135
794
12032
5663
6495
7155
2686
3038
506
1798
2962
5302
1971
7820
6764
3070
8599
7640
12024
5970
1177
8787
795
3591
5465
12207
2392
4364
8323
10803
1754
10449
12125
7431
10019
164
2929
7210
1669
6870
7640
364
2987
4357
12122
344
6083
7928
5329
346
586
8217
12230
7048
8942
4847
12498
8441
198
6787
4763
10821
7214
2202
45
5013
5676
7039
10300
6600
141
1390
5972
5154
10830
813
5801
8937
3969
5122
6124
6963
11534
7978
10218
6036
10718
5077
10989
5172
166
6988
7012
7381
2107
9318
5650
786
4313
7109
7167
11544
10127
11229
206
11696
2246
7076
8718
8129
11546
3562
4473
7576
664
10299
11787
11736
4484
6509
6794
600
8550
5128
6435
5653
6877
11091
3048
1512
7663
5015
4625
9359
10455
7080
9335
306
7773
11021
3791
3642
8859
2860
6126
9104
2515
11936
6718
4307
10031
6414
8802
10304
315
6568
2995
5000
4795
7052
4819
3655
4029
7206
467
6531
11436
7613
9620
6084
964
11481
3964
5962
2719
3153
4240
5690
11502
9831
3138
7441
4374
11240
3981
1250
8713
6820
9045
3888
4086
4336
8011
721
6203
137
12112
1654
2394
12094
10167
7402
2316
634
3344
11049
2450
2840
7586
9662
2328
9804
5998
7464
3915
9878
11780
5289
3225
11717
10317
4616
11068
5733
1999
9128
3471
3243
12259
2583
3540
2586
3296
11907
12163
8236
5125
3740
7897
5431
11299
5874
11734
11882
1560
6781
10838
548
9306
8825
856
6824
10929
3177
1778
5551
8834
9083
11135
6716
7579
11707
3081
5004
6123
12242
6509
6590
7800
8178
4753
8041
9892
10294
419
4444
5382
11685
4174
7718
10789
2924
6437
3435
1727
9215
4157
120
10130
6613
11902
8541
5104
1182
10352
12092
2793
6731
5759
1817
272
4248
5247
1128
4072
5314
9432
636
2759
9833
170
9648
4910
3418
8426
4656
5270
12146
3277
9407
8086
6389
8960
1188
8776
8712
2937
8711
12441
827
1651
11150
5927
2357
7446
6541
10176
5310
11862
8913
12283
3522
9861
297
6443
2254
3632
1687
5255
5697
6822
3147
3455
8852
6231
6382
7788
4060
4851
7859
2377
721
694
1933
8182
1520
3722
2553
8472
1885
6979
12459
284
6863
9623
4564
9028
8664
7244
6523
5080
1251
3456
6745
6504
11004
7695
9574
8625
1064
11253
6116
460
4003
6536
11563
2828
7929
4614
4924
11032
1079
5714
3370
11217
6863
2864
9091
11728
1667
9854
11624
9316
10827
2780
1126
9764
6449
7928
9678
6324
6647
6427
7408
3132
864
11999
8780
327
10560
1736
1100
4050
2320
7990
4001
8036
87
8027
12140
8140
11103
10346
6959
3710
12129
9299
2132
1224
5411
1799
8879
1
7435
11100
4386
7152
10806
238
10353
7363
6583
8765
1169
12431
8754
7574
6997
2838
11278
5590
9678
10921
8288
1538
7720
8801
11968
3699
3503
4065
9868
7556
7416
8762
5357
1100
9114
3719
3604
9349
9730
12348
10173
4778
1558
2339
9177
7027
7456
4555
2302
11793
2446
12320
4620
10458
4213
5897
3381
8085
7683
7107
9235
6289
9995
11526
1349
4906
7075
7654
10960
3279
11733
1929
8359
9830
748
3510
12480
5382
12123
4941
8743
11448
1763
10574
5111
7595
4142
7399
9387
3217
339
8019
1667
2623
3114
3885
7283
2531
990
4272
12452
12301
6094
11523
61
517
3962
7290
9710
703
5917
10499
8462
2742
10864
10286
4526
11920
6415
6253
765
12175
10767
7743
2941
3714
262
5736
6716
9363
8727
9949
4392
7852
4989
8942
5354
2740
10514
4595
3634
9352
10188
8684
9799
2340
12057
11425
4259
5327
11858
7862
8616
7236
3507
277
1534
10851
8583
8846
255
10726
574
347
4476
8467
6107
610
10253
1923
4933
1787
1407
1821
2620
3913
1988
2083
10443
601
4157
1337
1477
1390
10005
865
1334
9655
4345
4712
7408
7003
6657
1668
4340
5408
8778
9842
4209
1333
8732
11447
1173
2337
395
10071
6456
6795
4616
12094
10789
11950
408
7982
4689
11418
9249
11684
2841
3611
7134
8952
8765
5541
7014
10429
7630
12238
9981
9712
7634
4645
10373
9111
4369
5209
165
11640
996
12434
6909
7039
5039
4751
6422
7957
6596
11174
9478
5421
8658
9594
7002
598
6698
12279
2683
8131
7823
2465
2442
6717
9314
7404
4460
6145
1577
3796
3613
11980
11254
10108
10688
2907
9202
96
3914
4014
11619
11556
3834
8955
2761
4560
1054
10540
10143
9776
2414
4589
2527
4533
3818
11030
9993
193
10224
10135
292
278
6381
2800
7561
9998
6667
11050
11405
4095
3896
6603
8366
11168
9012
8766
11131
5986
3956
4754
6350
6419
8501
4301
1383
11524
9453
6721
6291
12158
5414
9010
2371
6278
3723
11342
5176
1034
1394
5262
10392
2504
11635
6048
5880
8310
8723
3858
8021
7551
12398
4007
8736
5471
3786
6372
4276
2080
1418
8537
545
12446
4760
11746
11181
7385
4232
2088
7446
10169
3591
10097
4592
11194
6862
3846
7284
2454
10921
5572
2802
5596
11199
11239
12259
1407
275
9400
2493
9850
7067
3097
12116
5357
4718
10446
10244
12388
7367
10994
4078
6635
8912
10351
3961
2301
11915
10041
11108
12439
11588
1823
3659
8345
5736
7449
1247
6021
11986
9774
7111
7332
12094
10095
3103
495
10481
11735
6476
8916
6102
7395
7586
12426
1494
8666
9183
848
7278
9959
1992
2733
10791
2554
10761
5244
11937
3771
12121
9768
9199
4223
402
10092
3884
9245
7040
11316
7249
3467
4319
181
3566
2193
6338
4193
6736
3733
6852
9569
10765
400
11242
2028
7782
4378
9041
9541
11833
10358
1057
6711
12113
9207
12217
1879
6994
9993
8542
4748
1627
10366
6099
3811
5640
1812
11667
8598
8715
6569
11008
8205
9418
2552
11503
8799
5481
10873
2311
12006
205
9998
11982
9390
2411
10108
567
6858
2476
4459
9699
9242
7690
2104
7943
399
6800
7431
8888
5971
5211
444
826
5265
11850
5351
9793
9562
10204
3418
8898
8620
7683
9036
4544
4128
10883
9209
1401
8032
1246
4810
6122
4257
9370
1766
515
7315
7109
11104
2000
10549
1985
8839
6796
12260
9172
6718
10039
9560
316
3505
9153
11558
8061
1079
1560
11154
10060
3815
2015
10090
6031
857
4725
401
6822
9069
8395
10084
4836
2478
2453
11600
1418
10849
6636
11343
2241
4783
7455
4166
11669
4341
7716
10241
8156
7063
8695
8292
207
1861
9754
3294
9089
4409
4518
1129
4114
6395
5439
104
10823
12455
4724
10337
1052
10053
10141
9712
6942
2716
8914
5277
8860
10349
10921
1691
5640
6984
4745
12258
374
104
9878
2976
5224
11659
2511
9509
6331
5508
7230
8345
11844
7352
5843
11714
12116
9879
9189
10602
9422
11483
1350
9991
5446
4478
6934
11240
5988
2827
7988
9629
1651
5681
12229
10719
2577
1749
5113
1893
7543
633
3381
1435
7986
569
5933
1508
4506
11706
2075
8260
10294
6642
2836
1390
11254
12386
10029
746
4725
3770
3521
3504
10019
10100
6695
6163
7622
7623
9137
10367
4766
7297
3060
8790
8103
12414
2006
4877
11044
5426
6734
6782
753
12227
11835
7508
2845
10840
11965
2690
4220
4368
9667
3773
9611
12376
3915
10385
6373
12269
6386
9382
2569
4208
3495
2998
3582
6546
5787
11339
10381
5152
2201
11798
9536
9239
2752
10292
10765
11687
3319
9282
8157
6448
6148
399
10129
11787
11679
8226
8499
4120
11003
11275
11540
9851
4213
9045
8733
8837
3926
8798
5053
626
4809
11567
2167
10369
6737
372
9625
6123
12120
7186
8951
9604
1226
8621
10559
3096
5368
4295
7367
10060
2841
6262
6648
3426
259
12184
5026
6207
1560
1928
7761
7020
4229
7532
1639
7081
10732
12260
5050
11307
11101
2376
4499
3818
2325
1936
8626
8092
10985
5637
3470
12130
1432
7493
10285
11046
4919
11240
10110
7053
7845
3419
4564
10193
11925
1931
5376
6193
6982
3479
4863
5608
11745
8560
11459
465
1763
2831
1101
10823
3558
9434
7721
8422
10958
8130
5589
9236
9746
3093
2162
11991
2151
10497
3462
7683
10312
6806
4392
394
9060
2433
1111
7506
775
10361
386
5372
8533
9820
9284
2088
10139
11787
3495
10911
8197
8641
11735
3795
8842
8640
8947
3890
1318
5372
3457
1248
5098
3777
2652
7457
10939
707
1763
1125
8324
216
7648
597
7745
217
703
12426
6309
75
1852
2864
7002
5051
11985
1672
7571
598
4052
421
5986
9720
6189
7902
6905
11637
274
4757
7168
1827
3649
9433
10024
2371
2587
7982
994
11138
8550
8625
7937
9020
10081
1243
3520
594
6745
48
4291
981
12385
10342
9155
1343
7638
11103
6526
12245
6191
8607
12442
8445
5258
4482
8926
4919
5339
4632
2464
4004
678
8932
4547
7927
4983
9466
12139
4947
4382
6311
4892
227
467
6188
1941
5807
278
8682
7232
3984
1457
1248
4947
12443
8682
11992
3763
5599
4817
11101
7754
2114
10084
288
303
3454
5795
1229
8859
10672
11463
1580
7863
12380
3715
12216
7979
11570
2541
3120
4641
9156
9899
10979
2548
11930
3985
4604
11744
5490
5703
6541
130
5781
11056
2779
2643
179
5885
10987
12
11549
12323
9060
5020
12376
5884
5067
8728
8966
4014
4692
3059
1698
6460
11098
4715
11604
10240
873
11968
1191
1984
3369
4969
4923
1450
2083
1324
937
9574
7800
5686
4053
3108
5592
9333
839
5959
2671
6046
11418
8375
2779
1477
1012
3482
10932
11820
12458
10563
3538
2439
5012
11519
11320
9565
8954
4091
98
10926
3802
3744
7792
11891
8714
11506
11505
11089
869
1765
3876
5645
7569
7327
551
5316
11705
1893
3958
1441
3018
2762
1365
2873
6036
5361
674
5034
4287
8526
380
9247
5862
4244
2244
7675
583
3387
5263
2005
4477
12342
10952
10694
6687
10393
7370
10184
10969
6005
10359
7062
134
11156
7909
1040
2379
4920
5856
3353
10832
6471
6803
4842
1385
7128
12282
3325
5083
5375
4733
8319
9129
1953
9464
3175
4310
3171
8685
8143
10491
2990
6565
10781
10666
5817
9114
7206
8835
1205
5296
8163
10031
1910
3673
10505
5540
6110
9309
12058
10610
4045
5101
5594
1272
2041
10432
10680
1693
4734
9229
11708
8734
10212
5362
7843
12406
8521
6675
8068
10514
5077
6990
3879
80
9070
10787
7219
10780
11458
10135
10700
6361
9126
10032
6446
10388
972
9510
8626
7885
10934
5514
4101
4475
6087
11928
12318
9048
8329
10599
9518
11934
1242
1545
5534
9555
1223
5514
4702
3753
3214
12399
2734
7099
11028
5348
12108
180
11415
9954
11434
11511
10549
184
12080
12063
2889
11903
6493
9642
10969
10671
2451
860
618
11266
5120
7582
4499
9391
9165
7957
4808
4873
4671
11034
2780
9502
5946
740
12319
12138
10132
10875
11664
10506
1386
1059
1965
5970
6666
1819
11521
7559
5284
5043
9948
1875
6481
12262
229
4527
8180
2025
790
3478
6703
5676
8012
1046
9283
5887
5957
5753
9822
11330
539
4076
1695
2611
9880
4061
5617
11029
2725
7346
8936
9749
12089
12128
1087
906
3021
6183
512
7793
3959
8108
10086
8187
3803
8209
5546
919
9186
780
8362
5768
10236
6453
4505
5872
180
3871
2382
8667
11409
9651
11799
5943
7041
9454
6087
8383
12459
8378
2866
12273
5242
2030
7372
4930
6490
6008
11307
1672
11015
4698
1843
1946
11484
3168
12012
5636
7624
7714
726
11650
3801
4345
8884
6807
8808
4143
1146
6849
2123
9663
960
809
10414
8588
527
8207
11581
12074
11882
6672
5063
711
10152
6711
7809
9854
6958
3874
9941
451
760
4746
7653
3716
8472
898
5645
565
8621
2347
4862
4458
12049
1352
3739
1034
4031
2896
2642
3806
6555
8049
8331
6553
6587
3091
6693
2174
11498
11454
9685
9772
9408
1673
8903
8714
5656
6699
117
12129
2562
11016
3454
9535
1810
605
1162
8800
2972
6775
5823
4062
1232
6136
6395
5210
8914
1100
9628
5382
6704
3472
1567
9667
5162
7590
7550
10377
4949
7525
7878
9832
2780
3013
1244
8038
4596
11296
4744
5982
1930
10393
11701
4724
5631
5623
8541
3273
7777
3693
12299
4556
9570
7235
5425
11590
9450
6286
4373
6720
5555
3285
3851
7947
11396
8490
1283
10719
4893
10856
615
10117
8855
3646
3452
8811
4271
9343
4036
12039
11549
4278
2600
1256
7725
3322
263
8045
10088
2153
11088
10809
6924
10523
428
11145
6542
3754
5827
9640
4341
10321
10880
9420
3079
2183
8201
5925
3783
9113
7319
107
2251
4834
7671
1278
685
2596
223
8074
8228
5737
632
2740
12268
2305
3194
10832
3219
4807
2270
517
3516
6895
7699
1228
5898
5680
10677
5543
7621
6838
4263
975
7333
10981
8559
2091
2853
11650
10461
3947
3532
10252
1413
11103
9690
8140
9652
774
11488
9868
2706
11476
6843
6803
9091
7855
9634
6444
7879
7504
4418
7179
454
1391
1475
12156
7906
1287
6246
1104
7979
4069
6845
10823
9485
5764
5483
9095
4037
10257
8528
9903
6554
10252
4132
5287
6631
531
1891
705
4956
8909
3771
2957
12028
8853
9799
22
9629
10034
235
8365
7028
10385
1890
11137
4631
8520
9818
3327
2372
540
2407
10122
11476
7015
625
2701
9759
8688
5526
7375
11895
5541
8647
11570
299
3889
11295
633
8464
5462
11966
6503
10023
164
2875
8669
8363
5495
656
10610
3213
11063
10833
4417
6503
6148
3981
5014
8228
7099
2762
942
4509
5359
8969
1488
1738
2819
10838
742
9725
9185
7363
9409
1073
8404
100
11313
4140
4455
6837
4265
8032
7415
4163
832
7207
4231
5068
6650
12408
6281
4904
1366
2700
11024
1995
4664
3694
1388
6932
5544
7156
12414
886
6527
3701
1425
3344
10598
6049
5167
874
3773
263
10997
5410
9593
1197
8137
6780
10006
10251
4189
834
3444
4282
5998
6709
2549
6409
7935
7619
2752
10023
1293
9609
8118
6529
10135
9631
5783
888
6969
602
7241
5408
1132
1104
4202
5615
4901
3468
8056
7108
9425
7793
2967
11580
9941
2246
10203
7215
796
4190
10613
10048
10622
6249
11469
1389
9792
3065
3561
11006
997
9119
3283
3587
6093
10536
3151
4895
2507
9433
1509
4468
12062
8144
598
6000
6642
9037
9088
7890
11928
11068
92
2779
2489
9693
7285
7382
2134
2814
8323
1837
12406
9550
6111
307
4510
11880
5488
11905
11595
5309
4708
3863
2682
6146
10485
2479
5652
5470
7247
755
6477
8171
11578
2428
9028
504
1099
8899
3251
8268
2761
12193
1111
12171
4561
2512
2033
292
1490
7261
3549
9682
8794
6619
6361
8729
98
8842
11707
4807
1730
9164
8067
7568
7860
4235
10472
3684
3779
4007
10781
9088
8654
3327
2549
5014
2752
3010
1585
7973
447
5361
3980
12485
9706
9294
11876
4959
8567
299
406
4756
9692
10944
6539
6096
4127
6043
4312
326
4540
10848
9013
9983
8980
6960
1029
5468
4071
1347
5977
9588
7258
3735
4361
8869
5184
8081
10361
11066
4859
5514
7616
3480
3601
6025
11896
10209
9288
8952
888
9209
11197
1259
3434
2098
8848
6497
3506
2746
8265
6409
888
7221
6821
3317
9998
5957
6584
10169
913
8545
8181
5746
7967
11525
3233
5533
6382
2955
7564
3320
8680
7619
459
9267
10891
5999
301
2263
22
11187
4576
7616
2801
10949
4626
396
9158
284
8527
5939
3626
11619
8040
4843
1029
5451
5791
4408
11364
3315
116
551
7681
4946
10228
5769
6762
10054
4926
3999
5656
4321
10147
2226
3969
565
2946
9518
6900
2838
8874
6098
6927
1625
12193
9561
12079
8115
8239
5440
209
8393
3398
9207
11071
4025
12434
10355
721
11356
6133
11604
7858
4528
283
11804
1472
5814
875
465
2506
8773
10007
8527
6940
6518
6123
6057
5252
668
6190
11146
1816
11985
3791
9763
923
940
3654
12443
630
5090
8797
8043
9204
9770
10739
2399
1342
390
8089
6265
7241
7774
2934
3935
10885
7371
2267
4554
10402
6378
5103
54
5167
7486
9789
8372
738
3020
10881
532
2161
931
12334
9915
12476
1965
11823
9670
8278
3724
4715
4863
5079
12424
3906
6541
9051
12355
11377
6052
11173
11600
2042
6752
12487
8743
2876
1718
12480
2368
1662
10822
2008
7557
4104
6310
7939
5519
3959
8921
8047
5096
8775
6678
1663
241
7474
5243
3581
3248
11820
883
4142
4829
1859
3061
11389
5583
9928
3733
11588
10105
9690
5910
2063
6393
2855
10022
8320
10095
11101
3533
8396
2457
10505
6078
2825
7864
5089
12246
1270
10133
10637
9232
3047
779
6680
9678
5698
1044
7421
2356
8090
227
9833
10441
7906
2865
4615
7770
9886
9951
9422
5985
4647
8287
4986
1686
6824
8280
236
3526
495
10182
2463
1455
11968
458
2864
1285
12212
5676
4324
7276
2675
8745
7943
8170
5123
64
10672
12459
3250
9818
2360
3818
711
4652
4586
7260
8292
4994
2855
9918
809
3896
1862
10407
10263
8378
10972
7448
2
3330
8057
4211
5627
2146
3311
8401
345
9316
9063
6761
10108
276
277
3176
7822
11144
745
7317
8372
8103
5492
7219
2822
6906
6468
11279
6884
10035
10407
9245
1591
3225
12457
12419
1761
10649
10690
11064
1342
8685
6916
11476
8431
8593
12309
533
3620
11185
2585
11618
7634
3656
11576
4399
10338
839
1390
11221
8178
4531
1517
2809
11408
12317
5171
6884
319
357
1416
9673
455
2180
5976
12186
1188
6516
11287
6728
7097
5936
7660
8199
7451
11288
1612
10434
4148
8059
2082
923
9259
11969
2887
9310
7168
4107
68
8614
3423
5426
215
3263
9770
5412
11164
5455
10180
11889
3211
3822
2051
7161
4125
2243
9371
5818
7858
120
10706
7236
2736
4759
10775
493
414
985
11792
9165
5019
9580
6448
2674
3306
1671
5722
4398
10928
2039
125
8657
255
4759
4849
10759
11371
2099
7845
645
12439
1351
8749
12447
10407
8686
2690
7955
4987
9277
4998
10179
6162
1015
6870
6130
9874
11877
3856
2454
9020
4974
7389
5819
12495
2050
6982
10476
12409
17
1622
10815
5639
11147
9226
3668
832
6501
4766
7119
11481
10266
11910
1652
9541
2445
2495
11739
10389
11219
886
11993
10743
5392
4124
7466
6462
2931
12452
8358
1705
4714
8045
4970
7656
6682
4541
7514
4289
3203
5299
3373
7111
9236
3473
11254
5563
5737
8777
10050
12054
7742
88
1191
11631
2128
73
248
7024
1761
9706
10401
6549
8908
5415
6767
2221
6941
6496
2859
10404
7480
7450
7186
5921
10012
4883
1508
1919
5369
1904
725
6653
2402
8803
6463
4627
6855
5839
5528
6610
4293
491
2529
5996
7397
9324
10703
3822
9205
9034
11122
11741
5919
12146
4575
292
5401
7770
1620
9744
11065
10828
1655
12357
8981
3748
4147
105
11451
2141
7866
1102
968
8748
6112
6989
4922
1191
11023
688
6680
10185
5214
8835
3281
1484
735
2756
4229
6171
11725
11584
4219
8283
8045
5964
11336
2672
9514
3650
5178
10598
4870
7065
1168
10020
10773
9670
6034
10085
7870
4211
9247
932
3065
880
5615
5319
9076
7498
3014
1392
8376
5281
2915
8782
9382
5185
703
148
8153
2251
4176
7373
8010
8581
5316
10649
7667
5761
3210
3564
9221
6643
10801
7515
2337
3288
5218
7166
349
6017
6096
2017
636
3786
2223
12089
4150
4886
638
5589
8967
5887
1933
5619
35
1874
5422
6983
8063
7466
10151
3315
4288
11950
4670
1733
6979
7900
6445
6095
12466
6037
12298
2136
8654
2160
6738
4224
6359
5727
6499
2782
5123
10121
7096
3335
4711
5182
7480
463
10365
10734
11603
5383
8366
2781
10228
1186
11616
490
5110
8749
10941
7042
5622
2931
6088
12296
9464
10375
7636
1198
625
2336
967
7370
10691
6667
4854
1336
9521
1797
420
5982
8229
1732
6933
6916
6270
5874
4431
5552
5108
5869
618
10249
4341
10581
4499
4165
9747
4914
8217
9605
5327
9168
10110
9267
4416
996
4589
3562
8831
10281
3468
3313
8330
4959
11312
3891
8498
11671
6027
3591
5944
2084
8590
7255
1719
3217
3030
111
2168
689
4088
4608
6080
3315
656
11561
4121
10165
2500
5274
1286
870
9220
7327
2402
9804
1920
11881
11768
609
8167
10575
11387
4627
3661
3243
578
2856
7549
1200
10466
4478
1394
8143
6193
11360
9733
5016
4304
12251
12269
10832
9172
753
2305
5075
5363
1264
4854
4415
1298
3648
843
1559
5021
6013
5720
1453
12154
9912
10983
1266
2617
1301
7307
9307
11975
1078
1134
3541
72
9404
7578
12017
839
9835
1403
10635
2322
11086
10380
11814
10501
3134
12401
6819
3636
12334
3122
180
5641
8280
5361
6892
1268
11004
8215
7872
5945
5498
5599
4286
130
1313
4344
4393
8570
1325
720
7686
4610
7585
11631
1068
12032
11668
3264
11982
1399
489
5672
12140
10456
955
10400
4291
4043
686
10750
2335
1620
6031
4690
9324
5487
6094
11685
9189
11290
8009
10748
2312
11614
7935
8070
10556
9149
4293
7359
2099
7740
8732
6473
5457
12326
5958
6330
11675
3413
53
351
7884
3075
10885
6066
11079
2896
2307
8081
5938
12483
6575
693
5890
2240
3360
526
2521
5385
12343
7641
12249
5826
8652
7095
5388
12057
11732
9498
12028
12264
11
5776
11237
7658
2865
11736
730
1870
9490
7660
6843
8712
1422
2115
1165
8040
584
3217
8966
5432
3809
6291
3569
4912
601
2058
6923
3790
679
11521
3663
5309
8552
6173
12472
799
1955
10731
11875
4124
12296
652
8394
4684
799
3537
4405
6537
5930
9847
11474
8515
532
6597
8455
6220
2207
6326
7057
807
4814
9440
1191
10469
3998
1534
161
7748
2143
366
6086
2352
3841
4843
5636
3158
10396
11385
4113
9563
10153
387
10360
3331
48
7647
4777
1956
10217
6253
11092
8128
3674
11069
11809
2856
11960
10424
686
11764
3377
9156
4394
5564
3762
9122
4675
8189
961
5298
8323
3322
2213
9994
3154
4428
11580
10359
10422
8850
9257
10705
10030
8390
1774
10457
11178
5272
5533
2780
3697
12472
10699
4849
6186
997
8492
4796
12068
3426
2973
9087
995
4920
10429
7771
5916
6180
7916
7382
3776
1602
3
4336
2508
5172
11626
8504
3790
5805
10443
11902
2657
10681
1602
8351
5122
9864
3808
2157
8435
6784
10791
6996
5878
170
9710
5111
10460
6503
4541
4998
9856
10650
11503
2096
12469
6364
2341
1015
1871
12487
1006
6264
5482
3570
6430
2814
3319
2079
2649
8552
2373
5759
11446
9491
3310
5506
10958
2338
7962
6515
10544
9787
1264
5445
2047
4507
11677
12005
8381
11257
7523
2794
286
8448
5779
4527
1515
2308
6240
6897
1793
8382
3854
8489
2626
4097
11703
2013
11285
6964
7906
4
5553
7855
1944
3719
5000
37
1524
1924
3636
3813
6197
3892
1029
12078
5474
2999
3713
11283
3991
8650
8598
1065
4723
2162
5933
5275
2820
10450
5304
9665
721
1418
3351
7520
9741
4930
6504
2061
12027
1479
785
4317
3261
10480
2185
12461
7460
3048
11123
8704
10799
3
2973
11756
3906
4488
3133
12281
10285
12224
9717
3573
9120
6471
3092
4780
542
6009
2338
544
8995
1653
11755
2513
7866
4282
10303
6743
12477
5971
10314
12271
11827
9099
11365
719
10944
4095
3614
5253
1798
6722
4275
12302
4261
9711
7697
9290
7388
9904
11920
1452
710
10579
12209
9147
747
460
3890
12124
6685
8890
12304
4315
1911
9945
4246
21
7606
2374
6336
8947
2395
9585
11246
2273
9878
11952
10751
10655
9084
1014
11854
2573
6551
8863
11562
1248
9390
2218
12471
10484
205
3990
11067
5407
6917
12460
10392
6816
5465
7676
1684
5014
3569
2974
11556
3624
11833
9936
11769
1294
2209
5734
3040
5672
9535
9732
10264
5548
10882
2999
3131
5388
2403
8351
8742
10905
11017
5839
7855
9917
1561
3936
5191
1409
11829
6841
11503
3577
9806
7938
1914
11953
2949
11177
8276
6971
951
5396
8371
9685
2196
4844
8433
2467
4545
8795
2612
7718
6732
652
5107
5995
2081
1852
12233
10772
544
1631
6342
2695
10728
6687
8242
2944
1086
3677
2440
3725
75
1772
9954
5621
9967
10670
7721
9217
8002
2724
9363
3035
4229
3786
9345
9154
2832
8418
9873
1098
11444
10003
6427
11819
11554
5677
11457
8009
9102
5490
1382
869
6356
11386
7643
4961
3198
11985
8527
3911
6630
3016
2771
10319
4767
3307
10965
6942
9842
11587
113
5167
6304
1343
4780
2571
7844
10634
6567
4291
11712
12212
115
2513
1343
8495
9178
5343
8643
4384
5957
3346
12390
5962
6967
8428
7233
8607
7053
8247
7211
4515
10666
10015
5377
8714
7065
5013
6606
5073
9616
5063
5419
4237
4698
6917
2902
259
8977
8772
6628
5623
10799
5458
5630
9266
5276
342
6875
8851
7838
11737
3582
10819
9579
7198
1547
2600
9635
5129
1430
4165
11236
3571
7268
895
10427
8154
1264
50
5527
6975
12129
10780
1619
1589
6215
5208
4385
8611
3439
6723
10638
10255
9734
10378
1482
7100
7158
10000
5371
302
3123
3849
7342
2463
6887
7229
10690
4736
11338
9621
11577
6826
3325
863
12107
5302
9200
7990
983
8838
10714
1025
1690
7207
6027
982
6336
9390
11912
3328
997
3764
7178
5225
3852
8281
3438
11656
7202
11486
7018
12148
9772
6317
7645
3813
6930
8872
10770
8680
10399
11667
9017
9033
2087
2099
2159
136
8936
5905
894
1300
5323
8011
8625
7813
12147
10599
9510
3826
1864
10044
788
1997
1820
11065
3752
7873
12061
2215
6551
9963
11119
3233
5428
1829
7247
10645
3138
1754
6123
3303
2720
1297
10592
5718
6826
1761
10191
12332
4165
8830
11861
6944
6816
356
10880
7021
7214
3521
10846
6786
575
6721
11854
3430
2681
2090
2584
6797
567
1502
7461
7756
10203
11061
7324
11990
3904
8601
4240
1991
10181
12229
10549
10220
10602
4175
8917
5073
3449
227
3431
12116
3408
11837
2728
8499
1943
7163
3038
4736
11677
3394
11765
2664
1370
4105
9241
8255
5531
11389
3117
11112
11781
8855
9104
845
8671
1634
5327
11005
5673
10011
3349
341
10570
7844
4349
10866
8333
11325
10048
9241
5564
12004
2814
6787
465
7886
8851
6497
7434
662
12041
4560
9609
4819
336
7053
2733
1884
12327
309
1836
4533
11562
1667
46
11424
4593
6025
12256
10874
12421
6706
1341
6375
5549
12276
6042
2317
381
786
5283
11330
3571
5011
10470
11289
3231
5752
7509
9796
8133
6450
11497
9739
7406
1032
442
1147
6742
1540
3294
2827
6741
9060
741
5335
3219
3235
11769
559
1011
417
1503
11542
7526
3006
962
6552
3697
1257
8193
11340
11016
2460
2742
5972
7709
4102
11468
4518
11835
4895
8074
11340
9991
2456
4589
7011
4271
5135
8070
12496
6483
6950
8785
7717
4948
12455
2213
4401
70
6390
9950
5486
5847
4453
4310
4282
6318
7268
10125
11617
4266
7251
1224
8616
4842
2662
1551
5070
10916
6451
2281
11061
5686
8196
4858
4067
6175
7525
1025
7754
1889
7068
4449
5446
7445
2589
5494
5539
10646
308
693
9503
7510
8953
8231
11731
5726
170
2875
2286
10904
9642
5984
6119
4110
11388
12300
10150
12095
244
10606
11293
6244
2372
9728
9697
2803
8278
1171
2253
9667
8512
6924
10609
5758
5278
3552
9232
12465
5626
10840
6005
4650
11238
9349
4747
1085
10829
1336
8556
2789
7843
5943
10402
2201
1899
3260
5138
11725
11033
8929
9948
11498
622
5118
2393
2718
7874
361
11332
7837
3068
10185
6469
1904
4602
6644
7505
5522
4981
8613
4473
6942
5115
11964
1825
2569
9022
8409
3859
2018
10913
10006
1432
9197
893
7007
4028
6121
6957
2029
5710
10469
2504
720
12220
10158
11974
8498
10099
7755
8254
12116
6744
2420
4456
3006
6384
1158
3294
12324
6195
11965
9002
9314
9423
5561
8753
9771
1012
10094
2616
1385
11065
2953
2904
6504
4438
4395
12244
4166
3094
524
10810
8604
6263
11297
3263
11511
4742
10386
624
2871
2827
7132
8333
6244
1468
5690
3796
6659
1406
2203
7487
5
5139
6870
1051
3792
12016
10452
11068
1989
1413
11628
9230
5672
1156
398
3051
10626
2299
9741
5030
3126
9471
12245
11057
3933
7119
9160
5037
11247
600
5585
2761
891
5537
10805
3465
11893
10246
11970
11995
6789
11818
11134
1458
3698
10402
2662
5088
1070
2640
5670
4360
4164
9673
4362
3033
5394
8313
9618
9173
2856
5416
12320
1390
8328
8868
8339
135
2850
9433
3658
380
2829
10245
10740
3808
10836
10787
7359
6031
4457
4072
3967
8608
7429
1226
11096
3718
1175
7772
10570
3581
629
2798
9140
1374
11997
9745
5630
7330
2063
2528
2238
4136
11482
5290
1532
6419
11433
555
4696
7107
954
3588
4716
11284
1449
3712
6460
7103
10271
4622
11460
7578
11362
77
12251
32
1106
9366
4310
1092
5157
29
3968
1930
1834
12330
9626
2140
12194
4678
4784
621
3077
3464
2627
9541
10581
10355
12425
8285
3286
11027
9559
9940
3567
7160
5273
11405
5539
1500
5313
2067
8745
3605
1950
925
12119
2787
9450
1618
6586
4321
7409
5594
12337
10840
4501
7899
9950
2711
1950
3250
9441
8524
10306
6630
2970
6528
10862
7173
7058
10720
9101
10694
11865
2718
4375
11971
1514
1703
9921
7794
906
10807
1699
11465
3619
3966
10102
5227
2659
9874
1456
2828
12049
2063
5125
221
5799
7820
10454
5591
4424
2277
7060
8366
7720
9214
6229
9620
6465
5030
6386
8247
5289
6656
2345
11133
6825
11341
3011
11504
8926
5635
4515
9684
9265
6273
11144
9802
10092
4155
6173
6194
3749
4330
3371
11128
3748
5833
3746
6904
10236
482
11262
10129
3488
5709
10039
5394
12218
6491
5896
6957
4809
11449
9165
11289
10262
9876
11601
1447
10570
8926
12028
2311
11356
192
4499
960
3286
3716
7386
992
7595
8607
1268
8444
6873
6885
6196
3557
8734
5750
10084
3601
10758
11715
1386
4799
7664
4581
867
6371
6732
2299
8834
1311
954
8952
11273
3297
1210
9079
2109
8502
11605
4904
11861
8702
10182
722
4416
3378
3681
8044
5213
4820
11342
8427
4052
12140
11306
12199
5795
11204
2850
1016
6760
5297
12272
12457
7490
10421
8112
2899
2347
12154
3642
1582
4496
5855
12353
5184
7117
6943
165
9989
2691
11187
9585
4015
2468
5027
4900
11632
4491
1510
3285
3405
5653
10589
10644
6565
8929
10224
5732
6495
7765
782
5698
5559
1178
9761
3931
10697
12286
6123
5083
11352
11039
5361
10824
8072
8212
8258
9990
2464
5521
8979
10908
837
8869
237
8429
6406
7711
5789
8754
9392
1212
6170
2224
1909
5490
4026
2837
5207
1096
6703
11845
10868
8927
4433
4866
293
12265
2572
10853
672
235
3269
975
11286
2374
4862
9190
942
1333
10025
2987
6498
9868
8191
10141
4870
3137
8915
2583
4186
5421
4783
1368
11318
9633
41
4410
4437
7871
8136
6641
5139
7436
8083
9157
10442
5195
3438
12035
628
7336
1896
3874
3571
3717
5348
1000
736
6792
12496
9655
3350
12489
6667
7750
7951
1901
2157
1653
2333
453
4753
5570
5696
3384
10347
11561
1786
11533
12198
12174
12199
9380
1955
9349
3526
910
10297
7601
4286
11540
3674
10145
7875
10981
3292
5149
769
333
1207
8542
3039
1785
9703
176
2583
8826
10678
188
5869
6286
11714
1703
7093
322
9955
6469
10534
9817
4225
7042
4104
7055
9866
3292
9279
7108
10194
7214
92
5199
10793
1453
10326
3656
9135
10415
12177
1780
6767
7200
2731
10110
1733
10499
12326
1971
3052
7553
1027
9322
7115
3452
8608
6664
4439
8484
4418
6411
3397
7974
11131
3464
96
671
7993
10261
3876
3438
3687
12040
6792
8755
3051
9524
4311
6494
5323
11867
3466
7308
4057
2641
6188
3270
10584
7341
5345
3663
11717
651
5997
5766
10883
11292
8568
11766
10014
1063
2507
2065
10595
12114
3867
1486
2530
10859
401
11583
2354
10444
3162
5051
2945
8589
3918
8490
9776
9326
2586
652
4917
214
4220
3036
6043
1026
10371
4259
957
5044
8979
4260
9360
1402
9212
4442
11274
4702
740
12224
6941
6261
1309
1273
9989
946
2822
2295
7374
78
1991
689
10976
1855
9647
10382
7894
831
7943
1504
489
8642
10627
9809
1466
11401
8190
1543
11876
11975
9716
5074
8586
2862
6211
11155
11404
2947
5546
5097
10704
8077
9384
879
3054
8290
5784
7506
4254
11330
9048
10443
9259
11735
11735
10798
8134
4000
12307
11088
5255
1279
2918
7898
2862
9417
4603
8114
8143
10991
11477
4948
7784
2846
3300
4911
11758
9748
6756
5675
5617
685
9789
546
2928
11772
8314
9350
3626
7913
3022
7404
3140
6958
12342
9425
5159
1486
10516
6136
3688
10170
11862
5763
12352
4100
2660
6414
8436
6824
11540
10885
9744
6632
5471
4570
3990
2373
4971
3590
1103
7752
4488
231
7970
4073
1808
826
3004
6374
12252
10272
11732
620
1988
7947
1323
4026
693
11327
9113
1901
915
9301
8873
4636
10160
9007
1488
7772
5436
2787
9015
6927
5033
8436
5682
11631
10292
8280
2292
1834
3411
2062
7072
1268
11653
9125
4645
10023
3248
12463
1680
6143
6977
11701
6837
7686
3858
3334
6413
5301
11838
7731
939
9466
1257
4805
8086
6051
2266
2191
6234
4913
9036
7279
10990
11352
2230
7605
5482
1036
4362
3965
4524
5472
1108
2873
12450
5832
1599
10495
7773
6958
1867
9491
2495
8179
1124
10105
11
6848
1039
11094
7757
1057
6230
9266
9607
12197
712
7984
5457
8753
10352
5378
939
7874
3207
7966
8359
10884
4855
2255
4452
4270
6918
11775
3047
12044
4784
2812
10228
4624
7594
11133
12496
5768
8707
3468
11741
4341
5766
253
5121
6114
5039
11520
9106
8988
8552
7121
4972
5658
1747
1627
1994
11283
6642
3488
6639
6955
6219
10062
7413
10399
10256
833
1160
11718
5382
7671
11667
12239
8724
4018
5118
4603
9634
10837
11731
7897
2669
6559
3492
10163
10340
4571
2878
5967
9140
1213
11626
5219
9329
4787
10622
8204
5339
7221
8358
4207
10361
9888
3607
882
7954
5232
9433
10229
9008
9891
1650
8304
4256
11241
4286
12160
6570
9750
59
5685
10455
7692
2578
4169
8544
6448
2911
3938
5896
9414
11763
2413
2480
7525
10035
5281
2953
2610
2210
5108
7638
5148
9459
11749
12063
3322
964
10587
501
10961
1634
8089
7162
2674
6251
2670
7310
11937
4838
1506
2322
5495
4333
12093
10627
11736
5825
9231
1207
11505
9208
3961
7541
7451
10546
5307
10733
3329
4606
5222
5485
4823
3437
7434
7781
3675
7751
12306
1274
7366
10471
3515
10272
704
2787
2143
816
9865
1122
327
9997
4232
9381
1496
1754
10173
548
12211
4627
945
4437
3981
7332
12115
8521
9998
2058
9398
4313
6953
3986
6018
7958
6340
1034
5694
6188
6838
4664
8403
4492
868
2208
4279
7725
1254
7942
1941
5681
10108
3127
8039
7679
329
2930
6490
8683
10657
4682
5288
86
3917
5553
6669
8841
3979
8773
3041
462
8560
3985
6210
7547
8723
8953
3569
1774
3053
4391
7268
2057
117
3718
6704
3826
8446
10839
7629
3411
7044
9510
8030
2156
11876
8318
575
7815
8039
7938
3746
4980
4902
1479
9621
6123
9416
492
11455
3876
11860
4717
5630
6267
9914
3232
12468
200
11348
2843
395
5640
1144
12129
5918
11549
8454
4055
8171
405
8378
8253
6234
7615
645
2288
9654
11137
6596
581
6909
7954
11883
3754
4051
2327
3881
1764
4742
8644
8350
375
8967
5197
7543
10605
3837
5272
8061
10572
10168
5362
4821
11051
7998
3608
10982
10515
5622
7626
6077
1331
6103
10767
8433
4941
6256
9890
8079
3592
7668
6691
11812
12027
4554
8003
11786
1038
73
2539
10951
4383
3077
8524
2913
1548
3134
833
8256
443
3845
5866
8641
9616
2567
7020
6772
10699
9263
2603
4350
6446
9692
4469
2904
3478
6050
5293
6497
12494
4321
9944
10443
3083
9174
1695
10753
10079
7855
6886
1807
5424
1635
7636
12247
1803
10549
2197
9460
10034
1232
1087
4275
9969
10689
4506
7190
11108
5621
11934
7998
10340
6836
8261
8622
6400
7923
5558
443
873
8767
9192
2844
2378
796
11425
4812
2057
4722
1101
5428
3853
8333
8962
11262
3235
5670
474
4893
4668
7005
12145
4458
8420
11387
3967
11088
5873
11514
5847
6380
4991
1755
8587
1267
4539
10742
1897
9174
11764
12194
5134
6386
4520
6507
4145
2007
10373
9498
5388
730
7449
665
8274
6368
9122
4734
6924
3490
9329
338
11438
3042
11374
7220
437
2099
12246
7696
6723
4992
3774
3799
5629
4974
1871
5759
12438
1914
7243
1960
715
8874
6127
5118
11430
4327
5980
2220
4645
12305
3819
10906
12345
11426
756
2092
7511
9800
6070
2046
2261
2678
2776
396
9456
3651
7536
3300
4497
3363
4796
5010
8747
7370
12123
2564
9415
6257
8290
8610
8618
10027
3052
6918
1173
5367
3954
6703
4218
12279
10747
2639
8343
5197
12198
10537
6099
5731
8162
7780
9290
2680
10222
1282
7509
11308
2160
4976
11803
10692
5177
1255
1510
9960
5928
4734
12126
8357
11722
4089
12197
833
11582
4718
5115
2158
9167
3550
7671
1586
8964
3684
10594
510
11819
5938
12304
